$ANSIBLE_VAULT;1.1;AES256
64623133666433373037376332333933643931646134653530346439316163343437623137343563
3562356363356638636366343637343433626439343162370a326339313432346261363264363830
34393631616339633366623038663863663965653061653862626636303237316535353636653232
3337396435393635370a636139666537353032313566653264383366653538373030383466646262
35373739376564356665393832636235626339616537333366663035303164303261363938373035
61666537303164656365663435623836396631646538316362636163323533623465383062386262
38376162623562396336643932646363396461336662646466386663313466383539343537656464
65626239643439323830323730633735613932316531633361336130303035663435653939646337
34346130306361653130323832336439643232313331633535396538366262356538633733316165
62623136616339653238616235616139356538376335363831613861633837313935633630636633
64323962376563326666386162653536663533653064633163346239643565303137313139353033
63343764663430356133663630633563323764663362303338643235346531646164333136376366
34316562646334353533653936353766303036373633613232356438313733313261333939363233
34366539323461313666376231336530316265383162616532353239303135316361393133373732
38396339373339643563356264383830616464313839636134393863356161336662303463333331
65306666636465663636313633666363623736326362346235366537633336656561393862393237
36663238313366653436353266663064666630303635633266313038643933306662356331356439
66633830366366336264643736666636306432636634653432386238363763376634373263633332
35663362653532666361656432633161643539303365383433306466396438633137623734613937
37666130303665633534373638323439613036666166376434343565396362643063653839346136
32366465393332306564353232663233353333393964393733636332663266656331353462633635
35366234663265366262356435626535353436633336623531373930306136336236303534306361
63633834643665393863363531613339343662616461383635643465613934383837333335303530
66353564636664656439306133373439633736373630346165653264623861613632613564623061
66373638343233393138303337383033633061343537633634326266666363666165333331656630
66383133393036323966653733643139326331353463376639336532663765366363613262353233
36666336303134353534333033326466633062313530366232643137633966623663663266613032
33396537623837663339633236333533313730633233666631323564363039653035313133396266
65656364613738343035333039303462353463303138313664346136303235646537366230346432
39373663346532346637366561663866643136346266663564653835623264393636663438623439
66383133323434383432316665313530353562366338353838383833363334373133656433636539
35653835356638613733383265636337313164383762626531333932333439353134623963633733
64393363646662626564633037356239393434353761336466383731333565353466636436653663
66666530656263393234333264316333376135646538396530623865363634616236396463653563
32323831303835373165346633383939366635313536656238346361343034636165313631656433
30303339626461346661373031313834343832373062663165363237663438666331326330303730
36633039383262303465356432376436653537373439623632366433303464366132373735633635
63643930366365343636326134303265323330656135306363613165646634393864306134363430
66366436643938646635623034323132623031306164386364346562363737313363383736636635
30656364313961643061663532656463336630366136643065313036373266303761623831613166
65643836653061366362643231353338386363316431623930303139616331386233643433316335
63373536383534353133313862313564613738363238613530636466613062396239353661653166
62393133343064663362343132303237343736393162643963346437663738333838386234623830
34313332643465366238373033363438613662383039316464666336343264336566316337666664
30333563323064643161663031636166393037666463326534386166323434366639663037326633
35326463653537353566393933333332333634343566633638633237353634636238646363613435
36383364343036336363373236343365323064373932336439313432373732316465663238666334
36316264386539363564346233356335343863343462643030663537643837646164393231656235
63323765643066623166383833643266336531333439376531613066326561643331396362386533
37363837363161323030343137663165306438383262353164643166383563353632663237383435
38663061353861626639363163613963353337303330643463623661313330663237353030306338
36303537343631316537643132663564646631356335643565633364316637636230633939623235
33343737303637343130653263636438303863326435626463313632623131306266636263613536
34653630663635663665633632623739373366323230333565373537393164653532343332386239
63396362386661353239326363373635356366346134316636643432613737346464623234343431
34363336353037376234363134653030303761303534643465376331313465343263346266636431
33353861356530313066323261396133393536623663386439626232356636383934336337653636
38373964316337383331343231363930313432663130396266623738646463663437323962396131
37316166363433363835643832633531323634643033313166663637386330333262316332663163
32666233653232383039373338363634323331666561666339376533646136336666663731663637
61633637663230323430336564613737396363363766363536316663333736306538643330376533
61623532323462396362376431656638386561376538626530313966303362333638613731366462
36323266356465636437346663316537353563386232333434353138366331623863613230306235
39386133326330393635323936633238326665313337336466626561653833656363353036616434
61346465306565353265353936376130386633333637313265363963366538623664356536623130
35663035636465633164383162636231316533393337373334633038333761316432666466363562
63363733663162386638653031313133363062626439386234613864313631663861666632646362
32636234356363356537636330326163666332336663663861656230333131376565613137666533
31613364613865653034346263326461376466363262303733633834656437336633666362343566
32313165643837346361323562316232386362363837653065383435666264653939353539623337
62333263326433663538663061616566373833663633323134656130646633616163653165346531
37643538356666393266353439643964326165383736386638613938303065636430363337306335
65313364383030343563303265386235313935376462356230633566303131376262363932373136
62633666636437623762633632633233663734393839623833306664373565663062383330363232
66633232323063353663393139303935396462343435343738383437643964616362343836376463
30346632303365316437633734316262623638646133633633313137386631333530663635623034
33613662393664613233383631326538663036643030363732373833353834623930633831393434
63306436623763396234636165366638333034373566396333316135656362653664643364336265
37323862356261363066626534336434363765333264353761343863393033383836663233666531
31626665323336316665376264333634616133373034363637386131383361306362353435336261
38323738363661393864613737623039383230633431373964373364346661623261376235373735
36376263643234343766316638303038306463363735623339663265323736313834316661383935
61316162633736393039366662633133356266376666333938306531656264393138306265646266
30333165626462363233386630663933646534303666333638643563663838643930376533366166
37656236303530316535666638653065613230303864663834643931633137666662316136333537
36666365353166646234356564316466623631623730626331323132306335363166613838643839
64306437653533376238636330646632626437616637353335666133666332303434376664353038
39333865336333353639326536663534333531383238383033326161313065316464643339316532
66643465366238626539383562663562626163393934623236346663393535643764303032303466
31393139643331356538343635646461303630336230336538636663633633343364353032376139
35653461383632643436303834333362363334363032613839613734616433303966353138316163
35353865393662643661373630623533386663666430353963663862393237643837313463653435
64633037396132396134613261343965303762313635383431343237393839323532313632313564
38373762383834656331633538336366333935343737366361626262336230633435346530323366
32653330363731346137373462353433326331343630666336646130336366333062643536336261
61656230653966373236656135633239313739336266346666306162346235356661626263376433
32336462633430396139393662656139643636653163366338636338333534616230366661303232
35623166646133646366343735653132313462626263653931346236356461333535383334386364
31616637323565626438323437303634323562313565373038323032663262313036653830633830
66613763633664613530386532366239386230623036313637353031623935303236326535383065
36656239383664333566396361353736306137643932313235636334353930366436303136386130
36363936626331653762376339643435643434313734373563343537363234393334383464623538
63616664356231613865353865613630626637616339303439336534356336663538633662383063
35363032306266653964636133333961626166643933306530346331343533643939303535626332
63356531333566353937316438373338356334356337636531343664383231376131623563313064
30646461653661353831323061613765313633643139393238613935386535303135313935313434
37353031653764396332343661666664663934356638653066363364643763323461616437386131
30613431616232613433626637303330636239666265366461616366303934353262656436333030
65653634646661653131383337636335663962383139366665333666376537633437383639333463
37373434326332616664323635656531363662643336316266386539333836303239636535656236
63346238323836316234386230646361613532663530343463646331373433373438613239366539
63393265323833336532376530663832633032326163623233633535663436653865353964646339
32363032373334303431613064383764306266393030616333323533306263383134633331393263
37326330383164663565386431613865616462373631643333623061666632396261623435653338
31616536353131376236346434613739646439613931396162363536373738326239383331323139
39313366643937666535393031396436353530333236663561383162633535633734306266333866
66646532626466386331333035363233383934373333333835396636336138623265613162663531
61613036343664393538626634356533393733636332393037303763653238626638326337313932
65633761666463636638393264316636623833633265386636666337613864653739666532636462
62346331313331356161343662353662346330613563653038316634666337643062323465613162
34633436353939323632633061343137343933646265633531303962383137636431326562373564
32343134313639613532323633663632303734633836393230643063643232343061383365333162
66356236303231633332613161633138396239343463636461646131616565306466633134623362
35363366326530383565303435306638313331653836326132336363396638386435376339396337
30343861333339633336376635353331623763363562393232326539353132383965633663646132
36396364613236383135313964326334396636663063356533326465373631326134396533393665
36656439353162306535323734653761356537323134353563626632303537306163393832616634
30333834616134303737373065616532383763366631373462336563393133356134366333353931
66376135316431643166653563366633353030663364346263653132366461616238623734333237
37633338653765366430393366356239336331393439353932303761306564623362623638343065
63356565656238336234326537373739346262653030623962336563376364663530366163613739
32616435343765633636366161366232633066613839613730336264393337306166373235613234
38663362366262356166363761363266653763613962326435323664636462623034623933333161
33336130306338376365633235363832643261373863653036326639663633633939386138653765
35353135343361326630613634653735376465623366366662316661643232356663616366616530
61653936346661356562346131633836613331666365613839323636303761313034393163323363
31386231623466316539613634336237376563393637336163396436636132343730303862363130
38616333316534333162396263633035633236653934633765333065636432626337386331343231
36396337373032646563376364303562323137306532346639616363326237646238323663303432
63386462323934646435633032643037306632633336323430383264303063333030346262356534
30386339633334396137376262616236366536346461313366663162663764316531616132666466
64393435633662663462643061633232386265653762626130663030653932653830613365613433
37656339663632663162626566396262323037613362356163396365613165353035353461323137
64376339386539353331306331623864626630356433356133353231376431353663373564613265
65666133363865303161626439313462313062306331303564383765383631376539663765326566
39613230363234623538306566633361363636636562636435636432373335323139373566333038
32666564303666633936646538306332666338373265643365343236663030653835616533633032
35333462333738373233633835323864306534643236663561346264356662316165336461353231
66393137643738666439646332323136613635633630313031616433336630336431356666656136
33353236646539623635663236343266323561623465633165366363316232306534346633336630
30636636363635373139303338326638636662326162636431636138343634383733643536376461
38343335633934383264636339623936333530663362666563653962633234393733356437613665
65386164316230333663663136313765626437396131306561336163383734623232346439623263
62396336306132356430383630333139376362633763326263386238393863393334643833313734
31396465323361383265373563346630613535343566313936363536393763373465383338663662
30313237636662663936363065656166316639313238353566356639616463333133333736363164
30313132616165383263343830393538613137366131363737316330336430376634316135623665
66633239656232316266303662653731376530643133383837313065663432616437386161363363
31643736653838663430623462376639393363376134373765323137623163343366383636316336
34633936663637353837643531613564646664623331613034653832323230623532333738663736
32646162393534306136333932613033393335646537303338326262373161633763666365366561
39363439663239633632373930376237636637306333313534306533326531663131383033663165
64306336363330343737396436343232633431336633636237616161326233346136646631363264
61363632643132653564383932346362343631623033643762666130303036613634326462353063
30333266336337333238323663386561326332353064396531393166323261643136643038323037
65333735346633313666656636306631343732653065353665333265336338653435343132653366
61393438383963376162313035303366356139313661653736326361646334633861376563353362
66303465623965396466313861333138613364626535366337313766343639616335613438393531
32386230393562646631663831333834636436643063373164663739666531346532366265326230
39623666326662373034316631653435666438323639383837313239316163393339613637363632
31313663303633393730343061636163343437666132326631326362323931323332336330376665
62383034326261646661323135613662396639623032386437666633336436323033356131353538
38383330353163613939626431356666373066376333633732313631366434356431343337323630
33616437643435623730353938323266343438386532386266643634373834306336616565306438
64653661663533383036393430623033326535376137643539336261303838643534613564326138
34356235616665363064363431313438353138623139373665653636666461386638363263303439
32613063626635643337363263323535656430376264666630666361613632623261666462663066
33356365383632393932393131636231656234623165633831343834613863306662333931633837
32333836616137663934346135623561613131396634383939306633333864666366653532326137
38363366303965396631393961343731366637633362366139626537663036353637386264383564
38313864386138656237336431336330653535663766613564396166643533393533356139336137
64343238646438363866393366666633623663336566666632613061393333633437633761313634
38323531386137316361313363633839326630363262653233666663666265353964383537636663
32326666356436313432626430356639646463303337323336323837333731636133356232613138
35303666646435373933656362666336396633613530306664356136626532316261653531616232
64393163366337366230373161666133613236633134623766636239663337656133366230333530
36323431623666373339393238393632666434633130633033363561633162336233376230306134
38323566313131336439326634656630306439616433303031386233363664663561376265303166
32376532626337643138323663623838313734343666346666346238306163633439383466653337
61333834623561616332313530316166396664666562633963313033346339623564336334396566
39353038643765333065376462656336303930363631396139643561356265323466383466383233
36646362633035356161643735303162323466306233366461613062633065376232616231363833
37356263313338396161303739323135396638653032353836376132366430663831333438333938
33396564306661653939313931653433663165636331613232616631393863646662366131333732
30316264316437633137656138386362633339316236653737396233646437356137623131663838
39343863363364616430616365343765393934386236333338306462656465313731313436643661
36643234326164646463353931303338333632633433343039646662666430616230626365376265
30636533306138313935346566663763613936663837353665333036316366626361383530653638
61306364376136316535313033616538343133336666356131613739393538323863346133623230
63653330313732383461643031663665373663316237663464616136643931383430623330313735
38613066643133326365303063633138356234303362366262346337653131663266643332646332
65663630386331386331323664653530343266323465616662623564626533353566386161313331
61383732323233326665653437643639616437343666663061313266663663633263623132633361
31383733626134386536386362623135386338313666363937663462653934356130653834353933
35653938626437396266623234306465643539333562623236386266393665353661663864323232
39376130343364663264373465343461653263333566653434336335386539363233663437613466
37346334666261383632363831616336326231393233666236623265623536323130326534653366
64613638633266623731383431636261343530623363356666316330636666333334373436353937
66303734663538366665613061623032363836336337343930616163356133626532386130323432
64356163386130633137393163663234366165326136386631373562643864313834376232326434
32366235393164643139356639343930396137386532383832356462666235653865633838613464
61303130373065393662373062343261326565323037386266666163633936356562333866393365
65653632343936666634663330323731333836373139666235643862613064653439393866653937
66646131623565386236643833626238346563333362633837393239633565346631626337313434
63616536623739646534386139346533376233356433663931343561323536666133383566363130
66313936356231343237323765303266323539323438316133383565643864623835636662316335
3736
