$ANSIBLE_VAULT;1.1;AES256
61643232303762303835383265633230653861356561643436343037363362643636663663633863
3030306438333937636135333065666138393835393865370a336330316431356561323861343232
37373561366664323038616436376163656630343862323530636433633638633730613163623562
3061646263336533660a386261383463336233343630323134613736393836333363656138316266
38616539373266386662636538643138393933663662396661333938323133393561376435323130
65363037346562646639353039626438663735626137356135346433666561646634316162333336
36393137643165313134333036323965393933376439636133643238356362366663303737643061
35323063353466373931623037326633313438333665306231363766323330376139323335393637
64653030323036633437633637656132663031356230373231316231616561373938373733666436
31326231616632383936373365386266393230636561346163353232306630336165313261333937
38343064646533643764363138623361373736303031363265303736623232306234373733653164
35616538373535616365633730346563383230613061663838623539313738356164303830636133
35343333633931316561343638616566343063636634333465373638303062653430373962353738
65656335663465643639616639333132383835613534333530636637363230623463623165303339
38336461663431353434376330653632303464383631663163396465663334393666623435613261
31346662313539666361393263646131386639643533626235303365656537313239373237353665
31396535636363376630393466303136396138653665323561666335366565653532393735323764
37643661613535396334386161386462356263633436623862623039356361303861396230313335
36383664313333323733353062623832313831386639666434336664356332376539313631306238
32656366376339626565333536643935656433336462316638323162663966633635383835323630
32313065303363376630323632336636303336346537336234633433376239646163346465346438
65376564373830333838343737623037343964636462616361306164633161633565373631613237
37653836376661356364346234363139383265353265633130303962306261343064623335336232
37323139616366663537313733393432336533396561306530383836346438646331303731383332
36303139336637373264633835343932386266653865383834316266636431383034363865363134
63336536313333613738333864333530323139373437643833663534623662656363343738393839
30626136306262323861326563383364633265363365623265383831643933386265303232333137
65336638666565636639346465373536396231346435633035633132646466613866643464333265
65323762626432353339313363633439613735613762393463303538356461646238653565383133
63633434663835643933653331623161393033376636643665383530366666626130316539663463
38343566626134633836313433363366663930613931333938316130353637336233353764636131
33616236666539613839383763313364646465623534646139633535373961633265633166646436
61633438333332373637373566613164363963613632353834663463363432353365393433386231
32326238663262346265643233616138346533303635636631373064336465653931626439383034
34626439333437303464653437333161353536316530326333356232663131633435313734366235
63366634663965303836613162386136313439366266353437306162353466663634343931663030
66613239636661346161326563313530383137396237343337336664313366353330393362336463
62333033376639646434613562646232376361383863383262666637353737666538353330656632
30316365646636303734303030323462666366616337613865643336663035356334316162643931
64393434323161343161633464636631363832623733376233353636663931373632623461346637
38313161623031313131313162623135313235623638616564346561393266313838323136346332
64326262343762333332636366303434376134653733646438666365356562313031613563396364
37353637373934346238373235643930313236333434363032636462306639666133656562323735
33636334333065356261666634383365386361653132343665636638396432333331346430613163
66383939313635343231346434363661363363363966373633633630323537393030383736636138
37626563643435356135633435626235653733313837313331353639323131616634653938353435
34376563663139353364383832623064636337643932653935313965313366353961613832356631
39323939616332333763316237376330626237383835303932303730353062376361363933356463
30376330343031663664303438333935326462363164633834313235333832303435643362393036
35636630336431393066346363303535343138343766353739396462313630346563316436393230
33316636373161336435333737636561303264643631656334343436306563356463323530303435
63323732383430376537646466626662343865396338653363653465646262386636366335383839
64343638313838366235356466383836363530373339633331353436336662343338396162373336
30383639616138323632383730343132313164383835656339663162636230633836636632303438
33316132646332633337356635393362306566636363353030643234356161626162363538656165
65346561316339656562333636633730626238363534653162616464306330386234373436396463
64336535653834633966393861613266303434303564613633633037363934313064353163626335
37383066313766623661643938653737663262393637356335663836623864353966393539646162
64623635613531393264363466643538353138376463666630653665623864626538306431303336
32636630313230376438653534366635313265343463636334373932656236353135363432393832
64383233623261343935656262633239396536663531363734333030616139313139376435306334
66353631626365356466613236373865376434633165376461633562613037613766613031363663
31646331303166376161396136633433386136663334323337313233653734633966383038393564
65383061363333663538386333613365616533343734336663316130333530383632666664383935
64353338386332656362666463636663626163386362353163613437326638333331333536333066
64343239333331383339633233663034373561353134303739363139626431643336363830633766
38353533383338343633383166386535326436646265393532303065633032636332656433643034
32616436656563616131326264333637663035656534323339613533343534643136666364336565
31326433613731313233653065343033633837343235393030376236653765653434393534373633
35643533633539336230336336303732326637646261633137336237633063383839616432623530
61343931623965356636656666306130303830323465323036323332373730373565613732663135
35616138346230313265616635306230363933303139393664343134316132633265623332393136
34356232356534323133633737363233356435663830333135383236656265366464336437316432
64363633653736613936376565383761623261343930393963386133663639626234656435386563
31303131323734353333366330303363636234383836376537306564643932373363383564383237
37316238336162653739356536343639383861613031303336323932373466613539383161626466
35623966393030386236323864643834323539656330626139303534663638346631313335383761
39663931613463313664613436333333346562386331336530363661633666653033373338393939
66396366363034646439316537356132396636386163616466303465313665396366313834613037
32316162313336623663303065373464623564663039393762333164363833356564336636366461
62306666323633303936356335623965633766653432636166623932643237336662303565386438
35383731646531393033386161656431326234326634643938316135346565306161383234666636
65636131653035396435326664326338663866613035663236356464636261623261366463656235
38306563303061656238346362663531333034353439653632383233656131306634666163383339
35303437316666346264386535663837343537373332636633633164663236363464313139373635
61373730663831623336386530623035366333343737366164383163373836653733616462326132
37353335343262356130353261323230636663626339343831633331323662663931633562333938
66356634376564303061303834643836613334333738323236613533383737363737653733633933
61666233313338383737656436353832333934376565323335363436633161386365613166633863
31363866643639366437353763316135333236623135343132306262643637613838316461663335
36363032623531306438336639653430323830383135343338393634653865616263336635613966
33616333313532633537306166623764353061323834306433353739306133303264323434636164
64353761313966633336393939626539386231653635643737373566376639343736643739376533
64313063663036623239336566316337333536316431373533653534353166356638333262313266
61373634346364376136306438303566353833646666393066313131303836303065383766366437
66346439633663306139313137303862336237356337633734626531656430653430633432393132
62623936313833636661333261653035373339363337633066323064313337386564373038353138
36383561356266643838313464616462656364363832613862313134636333636236666464386536
61303661323336383239353334636232393563333261653166613739613238393237656439633530
33356466356666396536366363613535656533393435646365346461366131653930623761656339
34663638623631643835343335316134633462313531306462396633636662333364376564633164
39303131383230383830353030313561313861623265373862386564333035613232353566326138
30636138363164653362653539626537633631633663316463373735396136316536306266626333
63383964373734653532303761303632333266303466346363316561666336363662633737353666
32303133373061366165366164623666373538316661386361333539313437313731373762666264
62346364303266326162356137636632366162623665613033623936653336346264386465336364
37666336336137333631336134653933356663343436386534373030616635633031356130383337
61313531343334303965646364656238333933636463656463656232646364386130373463343130
61373035356430666438633036353238386432333261366132616138303266633036373236323033
61613438653738373834633734386434626235643139333538363436653536656634336131356435
37623863333166626465616361653536636363613035636138396339666261393865623438353032
61313938333537643338646435323464333931343837663237616361396364653063663933653662
39613434653235303233323161643539383637653361326637383963353436313963633164653962
64663039333432643063333232333165633333336262323066336234363336613337633163366235
38303638303966613437323832656562366563333336663237386539336535613430363339343064
64613330376462393932396336343036633430376232313334343731656330323461323662663138
62316434663330646339313161353539623839316163613737333161613234346461316662633436
34316332373563353338393138333937653030306331363339633733313034323436643133393366
62616538643962616631333836383034303061386537623632386635643933323030626133393061
62666533303835613731646463346137616339323761336363333038366638623430613934653562
35656330353966383732383036373366313935393161663161613033313334376561616366356132
65636534396139663463646663616434613936323538643561656463666633376239653530616534
66613337323663646533343466323165323036643263373335313230353935366461636539333430
31633233333030656339343435376237356539383961663431653364663735376335383965336166
35393466336463623963633666616266616361643363363232636463376636306365353065653138
62303261616635636430343364323965356330356664633266623836616238363539376464393266
61616631373935373266623634656135313165373237646539383631656534346166633838333332
39663531353830396565393537616336316364646130386236373333303962613833646238626565
32396161306234653936653130386436393339663266613435643130396163373639613131363661
37663162663062333138323065343432353966623731333063613431633038353862323630373534
32353331613866303738366565363262396162386633323939663061333238386239353339303264
62383861326166336264386462623938303533303065343233313038623030626632633530323437
38346533396331656634313038313664303431636561313535366136376437393534363138643666
38356234373231643362646564613631363831313533323162616131626163313761316535653633
66613664626633353832313234353537663236653561323065386564353066333632303433666438
63323539633261616262363936376133613366393436363039636438636662626532343464643439
65306130663833623339623138623638643033363031633732396166666232393032363131633739
33343564336432633530376164623563623965303364643063666266393263386337306138323537
38663633653232366264333865396337326435656333383962383264383265663438666563303761
30343264363037643064333034373037373638646236376439346637333932646465393233313234
32353231613230303031633232396233373163343337323339313738626130653439373038316636
66646663326633303537316166633562336465633534656465366463376433616161316364333035
61336235363561336134363338653037363538373964383532656131393234316531393236633039
30316633316665616530656666333539333466663131343762333962636130356535653737373939
65643531316638623966646235366636386139363538356538623861373437313533363736396434
61303038346561393666306233333433663437656435646236633934643235666164646433313330
34353538343738623937376266653862376662343835383836393363316262356536346566633963
64313462303630313463336563353638316334313561346134666266636337333564353334663338
34373566306265363336303430616532373966396636643635333738633439383638623361373032
30643564356439323130616130353534396264383638363533643033633364366563333234356334
31373133666462633439633532346332396232323031353639373538323765343863666335376536
38323037353232343435613262346564613730636163353464366636336133373764386266306439
31373763326333353263643931636365376631303334386334356332306365656161396239376533
61333861353331353135646437393632643539666133353565316534306639363736363632653662
35643663393865306464613132663561313232616435306461643633346438666631303365646163
35356263626466623361383034656130376537646131303536616338613538663338356238623530
30643763323837313332366538626536656533666330343933336136323834326265323461303038
62666132633465313438653935306262333064643265393037356361646639623832303330663261
39393736346439636464353265653661343432303834323236323566373634626532336636383630
63363766326538326663306536626262373437653565316261383464613332626565303732323862
33353831313138666237376461636430373733396338326432353035353266393266633463333535
61623864323263643462653464303531663235363738663134626231333266633132333233653434
37356133306331326364363466366531663464643461326131646565623561373864643339346165
66306131306261393531356139623466373832656139656432636134643631633331306566383066
35323230343739323234383131393836613730336130623330646366326263616265383834613339
66633862623236343864343663336532643435346563383035333436653530306233303837616433
36313832333436313066636635346436333836346366323861333662343332386436633962306163
62323361316562316561386439313330376438646137383733636530623837366633353061316130
64636132643762313061326135636362613230343839393037373434626539313061626465346562
35343537663265666130323161303166373765353338353038636434383730383537633961323932
63336162646435643335373765396635313135633664343635376139653933623063656531346234
61616137353335326465336465383366396464616237623366323861393634386537646537643534
65316635626366346137633338626534343634613330393763363832663938656265326333643361
66343862663862633839396530363630363966613263613436333963623565323137656334313437
34386663356634366233303734316561343933353837316237383035363038386465383133386437
37396230613839653038353939316366663238623835316262353932633936653435386366653830
66386366303863373434333531336430313539363630326261343335383035653331663661653965
36303734623261313365373262636530663637653864393831376331636666316331656563666232
33353832323534343431343331626332303363386266303962613361396536386632353432376536
36333733663566383034373665363864633963396461316532313338343435313130613863393461
34303430336339363037626431356132316265303466623139306539633839393838663037626163
38326138636338336332373861356239393664633865656530616636363433313037323036373134
32383066323636353934626665303939366165363538316233646562633533306165393266306662
66656561396661396139393132376538633631666438326166373638626164303266623065356634
63353537316266393238633230613962373332393861346134616362333534303662303863633730
34656164313163353130303032333861313730346365386336376431346162323539366466303838
39323930396664653137306630336235626230343938383766343830323061346437636535346130
35383531613832376337356265623238373432653135313732303539633737346439306134646261
66643633313339663832623331373539356133346130616332376338373539626631393465333539
61636134386663353135316161363139353861316661383763326336373938336339333035306632
33326331656536633665386337326530373830623332366437333737636335326165326266326538
64343130303438326365633030353335356266396265383361363134353465653839633564626333
33666538336264333332306330616639343764306636386338383666336431336634356531636562
62656265353832313433323335383539343239623436346636393464306365356532613366383532
62656363353333653730623466643934303561316637663633383361623565373631313936623237
37656439666534653732386437643936633832353466643635393636323334646132376337363466
34643433623032333039643439316536383265313233343639383033613335316336623533346534
66656637333631316337656232653638386135376533343034366435326664346263333635373562
38373536656262613430303862313464633637643361313338636630666161646636393262386264
38316564326432323430306536636533623935363731663132353139363038633732633836366632
33326238323062363130373539363065353031363563633439383462366261356661376166373931
30613231303836333265313637663462386562636233393930326366306362393830353066663337
61356363363634623135306132376633373135323333633432393465663336336262313065303264
64363534386161313739623664303430393535646234666264663761376338333064353463656561
66373234373035646366356662363933396666653339326337633734616233333363313233626636
64656166623833366233363836663530623236303633376162613834353439633639316336303531
36346663633730353263643361356537386634306165636262313864643238653535623332396233
35303235643861396263306434353330613832333136303863373864646431333231353361366361
33373632396533663931356361366365353765656232323938323937346331373236336231623037
33363633323434333631646536643462626161383164346637386339626638396633303034623634
38653765383763316238626161333533366562653938616566363262373937623639626561643533
66653263343061613638373961663634623936306131333165366366336630396265366661373338
62323464633236326634616236646137636436666433666331313562636537363832613463623034
37626166656138356235363362636565663561316338353531643961353363656532646434663466
64316466643432626539303134666539346638643161353536653733613364623234666431303936
65326133373530353430653437656266366234373333633363633965313165353030643536656230
6539
