$ANSIBLE_VAULT;1.1;AES256
30646439663733666234353964333866383534323866366334303232356332643930343262303539
6134643466626337323064313334656462303132363132350a303731373063366264346437663337
36343334333466313933306637396362613961376530653935613430303861373864356531633062
3862616164356531390a343366653039333931633766616136643830373934303334313234303231
30616438633334376530343362653535643264326232333034613864643262323739633433326661
63636532376562396366393239346663326131643036383865656165636564346362663633303865
32656238333333333164333362316533326333393963363761393034643334666464323332376532
30356339383335613463326539636338333863396231303532333532303438316565366164643732
31653136653839366565343236313334373361653630373939653364353034346338373663616262
34626637373862326431353133656637326634323565613234663534353632343165333465633231
33383233396237356132333437646563636130313638396133366363383461353033333031326537
35313663306663353032623936656464646466336234643665646334383939363138663338323337
31313030643565316164383735623961313366656138623465646138323934393861373634653663
61343664383538333564643539376132386433386162316631346432386262643061383534356432
62353631643533343535633930666362626431373365636565356330383531343032633735646332
30376631396135386163343934303965343638343232663937643439396537663062326136316239
31623736303636353236386164366237363936323735643732623963653231613866643366353133
65616135313639306464383339656330646564326633656330653363363036376463363663396433
37373338666437373165616566646537636439623363313832663338646131303138353065343435
36343930633265363839386564393034363732653965316437306637363036376662613330613439
64613361653436643037633034666365663836353433323562363338386236353161663164346562
31353561653966656332393235353766383761396537306637393062633264346534633731386535
62343134623535626238333762626434303330643730356463616466666634643435653866303035
31643734633931633565353430666539346639633339393139376261613833613663316233363731
37353537396234636162666133313035336435336130303738386533623465623564353562653163
62643238313930613738343863333632383834656537373534353939343330653838396162383838
36663663343436636364623461393235623666653031613466626265663561356162363766326238
32633538323235663337323031633833316533633533396332653066643639336438323130373162
37303363663132346662633262353961653539303163316538616530643338613335353531363433
35373635623538363463656265646639623337303164303839303538333532666636396364636539
39663839353732323062373834623938343239623238353261356637653864316532366365316461
39653432316563316331643965353631643833666337363436653337383233303930373664666464
30346339643433643732353539383839303564333264643536653661396261303333373136306437
31613732343934613661656364313661643438343661353364386337306332393536653538343737
62643966376138333139306234643933636235363566636166353730663031633062306438373361
35383066353364333034333331623065373235346339626464393032303038653633333466303164
35333266623634383764356632323965333362633833393132636531323336323232373532333935
65623334646665613165373836323338636634303239323938303737376631646263346435643663
36383531343631646438323862346461393963666663623733663330356437653339356631396234
36643161633632613262343935333832356266636337633736303834306364336234356461356439
34653263666261336235633835336431626136326564303433363764313539663339666234393132
64363364663139323133653761393434633136323861643235653462653233383837616637346161
31343336316534643234373831393330303937373332373034616364626334363034303036616535
37633533623639666433653532313439303937373030643963656234373838363566653564666463
32336539316338623336653763383365623039636533626637613165356262613237326563663961
63336464623735626535613733393734666335613038323263353265303132323561386439303334
34383832653339353338623962303563356138396137343965663832663737653063613333383836
33316131383961656566636633353366353533663738623761363135656633373035353035346234
34626331663730336130376333373563363435613738623562643830616564306231633134666638
39396530326464633861383839323562633561363935343865383261333865633433353038316535
61643938343436353861336539386139623365666234346265366662653765626333653735393832
32626566633337363833623966376335396662623563326663353039366132376235656636396430
63313935616364386266396336386165643836356135633061613137663261633339346662353533
34393936356132663736643061336330666339633637633162306364323063326230383136343936
61346236353030326237386631326631376565373232336435333462313661323965323537396363
38343764636235343631303266643434363534376363343539333064313264343337643630653238
62376439306561653161326462643335383830313566656536346634373162613930626531333238
32616536636439363666323032336631343334613164393730386562653433336430343036663132
36363232653038376437376662346235346334616435653131323864303839663938393131643536
36396265346631383839373361336232623639663238316364303237363531386633353131313732
31383135366630616233653336346466326531343433396436306165353065393766336331306537
36636237633830336231313937663730623461626434353131653135656435376564616332326662
33633565363563383466663736613462326662616135616335616630373234333964386432333237
33636562656564336162336162373033626461383831653831303635616238393062646338306536
39383431366536363964646664353832663835666131666535313661613861653531333237613838
30613136346562663033366331643665343665383164643564303032363661333132303236666335
34393638636663633038373334313934313962343064643861653035646234333235636663623961
39356439613236316435346134663532353261626466303737303837353638333663396237396464
32626663646139666636323238356336633832306233616261646136373032663065363635363963
33373038306630323832613132373362316634623164343735616363383735343263636632323239
34653332343337613730616431663866663563356562373063613932613537656335306462343431
32633038333261373432333963366433663631353162396235663333643162613864353263306635
38383064616562666639303866643761626166353166633637353330613734396333646662323166
31616364643937333833643161326261643636303437353535613037666264393534333439623339
61643135383965663637656632313239356337306130643636633639353432396662653138393035
39373537383237623932353537303362623035613461323164336432363733376134616664323865
32393931633435363138343866316331323732306336323962353263356565336338656534333638
61343839663032616534376566663438376564633961613764366236363238656234653833383539
63346131356663636537663130653166306530316335313362306666613239326336656133336333
65326538353962366636356639636530393363646565633237313834616164396366383633616533
61323165653862366135653365363966306131366631316564313863393831333466323233333962
63613031383665376233616334363539376236323438356234656264663666656561373936373730
63643839393131663736343839323037626637643136636464366466623637306535653734326262
65646438323035353165653834313539343630343861633163306239663034626538646464613035
38336135646461306336643438633038623439323339373664363238613034656431313335643434
38353234343537333637633662323162666137623565393734396663303436323337303666616231
64646564613637333863343039666165366164643462343861623538666464643637626236306234
32623661356664346232343138306439393063373335333064636564386230366462383865643331
32353662626434356132303661653139646130316337333131653939393136313366306432363732
34656531316563323933656233323962333530346336376237393063333439616232623961376362
66336531383235633862326638333831626534623231373362646334383732623135653839623763
64326266393837346339303765633265643430346134353365363239656130316561383336306337
32383137633633653233396436393364383231326463346362363930363231613638333464613836
39653638336363666265356362343632653333363638663436306465373132396637373432313035
64376533616564666631323731306333653036373933353435636632313630633336616136386234
64623839303636373165363836636461323632643139663061626665623138363232643463313762
61613866366362323364346565623763393439316232643262653664643766613637386263616130
37643063396164626165356531306135353732383565346139333466633161346632366464623061
32623162303838333932663235376262643466323835386263386536333961373261323531303038
31363063383833643162633166363232376633383461396664313161326538316266373535366338
30366164376133393865306566326432373132373335343566626333336464333035356665336335
33353763636264393535623034356631666162626331636565653862336431653834373833336433
35323961626533656631373931363631653665623966613866313032643735623437633963356664
63303336613731616539373666343036386335333163306266616331393331313965653462636162
64646461636436623534363861643061346266646333613137343439336365353632323435663965
39633233313034396663666134343031343534616236323264303439306630656665613034336135
37646665396439373937393933353639333961646131623036306663336566356337313034636364
61663137616336326265386632323861663265613331626566643537323334633935656135666230
33663432323864646337303538626437323630316161646633653239643836323736303031313537
36353961376366613735373764303630356332346265323136643039343466663032303562376131
62306365336230666464306338643963393232646162633935373537666530333163383335323765
36323563353330363262346434623134303965373238626433633832336265643663653062643436
35333431333565386533396562313230303832613761663938656666313566313831656563633038
37386137323734656238323337653664346437356435313962303931376433353737613938356466
62303630613838323266663638333731623735326362306433316364626662326334643865333132
34613531303865393732363437623166643961613034643062653065346362376235633461326235
32356335626166333564626261343564386536663339383132396161633234623236653765393835
33346131653232303961633631333137323234363133623234663833656463663638306135366532
35333131646463306234343566383663633538643535396231366161376639623037303437356437
38613065623365356539376333353632313233336135346136636334343562323234653066353863
61343464313931323034366434353538363535333037643362333461343131346139326666363665
38343566393437666237396461313031396461373838353334313936616363366364393461633132
61316430366262303062313337363365666332383633656434353865333339336236636132326236
38663431353137363163363734376233653663323264333531643666363934653266353330613664
39303137356133626162366263376166643065323365363135306665373331646236613036313637
63363036316631393238353131303762393362396166656562373337616236376535633832663132
32376438666533343661663630323465646635343063323234363363383834633439623434323135
38386534376234336535663239643935633831653166623839653231373031353037346236636438
30363232323933663163653737393137316362356330356530343962303537303939663030313238
35663262353933356336626665613066333735653164636136633732326361643564383438373937
38343564623433303565656539393462663330383261623062323334333238353761353663646634
62613030353230356237303833333430396536616164326163353364626231613630356139386430
33383434643066643338343066356232356337343266656361353537306334633038333738623863
33626466366236626564643263653665663531623038633161653033396533663563656339656535
65376235336438663436306530346535356166323536323366623036313232653137313961656464
65643661613932393365616361373265303161613364376231353135643832313636396530613831
62626464363639623662656162626163376634616265643865363536636464303561643132633638
64386334313237303961636436623630663236656437653862393338626265643562396139333832
62613665316163636139373633343939626262663633376262623239666332613266643164356434
36306330653465616432613437326135306633623762663461336338363335343633306563303961
65333137386330333166303261313962656435366463323532666534623737386363386131613736
39623733623461336262386462646434313764656263356138386663373238373035323236333530
31633265343363363137343265636262636262363266356133626234316433633938303935633131
35356664353038616436316363626435313664366435626666623061626636326438663366313231
61393737343366396538633662636134623733303535626364623731376337373139323961666532
38663234343864303964616536653232613566373239613539323935623664336234313962663133
33356437613266643738656336666234653836363434316666383632613661366163393538373634
66323763353861616461346462626539623036396430383033333430356138613532366163333061
31336237376632313038323732636164363065623132373336623239666232653566396361353039
34616536656136633530666536366139666664636665346432303931633632313363303436373838
32383936306330393336653266633239643162653938656561623236663736376166646435396239
31623931613235326634303932386231396635386566383563353930633734646235376530366166
66626462353462633364663966386164616662393364636438393166633632613366303966343265
36363130653434383435303538623366393636613233646462633033303533653938343930626134
35323865393339336461393063613738386532303061323739376662646438303061336665633364
64653230333339353138323266646665633938376133656333636236346166626331613135366337
30623864646635383832373939323037333463636266393261346530643066666538303038643562
61393162656365363465383764666438373463343662323665326633323030393733393036663737
38393765373137613333386339333033613062633766326266396237313739386634616563666135
30663738313434643530653164366332346532323232366465613062303131363030646662663135
32316431653132623536663662386637656135646633636265333062633838386364633665643766
64383231316335663031653130383335353537316533306531383538306533336362333436343339
37366566313066393533616534633061636635343639326135653163313837323364323837646430
37616436313264343064613532643333663238633836623235386130393364653032303162336436
61356330396530623838366337396439373332613664636364393630613330646532366430663239
35313935343835396432363161343038323732326466356261646130643064346132656364376366
33363461303666393530396239373235666265333235373330363761636430343733363262353232
39306462396634343839353338306232353732663435316165633263396438636133336261633665
33663966396531313866393637666637663735366233346339626533653763386239363136656237
35656435346530376337656639633635336464336262626439333764643636643535313835316361
32656333366439613331643136373332653437663130383161336237663264303564313764653235
32313336303761353734666265616335356633326431343236313964323037633933653836363239
32366566653937396134346133313539653564666362373264323935373434386463663434353061
36376237373730386239653661383236356465303531636438303065666435646136623930376630
66356535656236323561333666383964646564613835373765343431386433383261376262373661
38626666393638313233656364623736623733306664393131303130613638393666663331333939
62653362633362313637313264616337303163633963613164323363656366633334303639363939
66373565303830363038353934633639623666653239393262333966643662333433363835653866
35323366666261396536356633623035306334366664373137613734646261313734646664653665
36663834326638643363306632356261376466316362663161616134356439346537333538363234
35303961636531643538646237366665353862363366663563333864656362353439383165643439
31613638633964626466333963616639313061366561653338333465643236646333303335306636
31633866396664396631343361336663343431393131623037383832356233613430333337646162
30333764326233383136373966616539623535393330303336643932326538313564303864336261
39333564313638643834386662656636643231336433356536626231313637303164626264663439
62303831356233393161386365373463613431386332626466616466386162366364313063353265
63393662363866623533366461646432633633613261363931656337333637393531376365346439
65386461346331643831363238613262393838373634336431303265346164336437316364326462
31313832396535303539336664333039623536326361316131313563333232313134666664316333
36356237363334373461336134663464393934366232326438313830373939663564303765616563
66613539356639316339363330386162313939646131373736386439353839316132373364373636
65323730366439326231326566376131306239393663626264393938633730376435343366313734
38323863323238343962656362303837313533623034376336376633303762656639626233336365
65326364366239393033663531336262333533653762356266363234623337343065613632653935
35633430393766373265316435636265613230646537636538306561663661353563323233356662
62663464663966376331623930313331646564383862326331336536343830616261333439326334
36373365336630353534636135393461383134613761353264353036613932353765336632393233
36343337363464663661306364373233626338316235323665306334393135313665386335393764
64656537313533333939353139643438343931383937306363316365363431383662326663333565
34353566323637383333343065326530383438333435346463643561333862323233366465366565
33393530353265353339616364336430373563306564326337353135386339656563656262666231
38653063376265613632366338373436376564346661383733313661343839326130663937396466
65353066373366356663343037393965653839393362306437336165626138353130396666383164
62376430623862666161336135656137373065396534383535356561303233613132663330656661
65623137373334623061666239356537663263316566623238376263613763386633323163366366
65633937663662326238316237353235366130613737306639633033613161616262643563353363
63623930663336336466313561633635656661663832646531613037623462323336386466343739
31373034636334373763363538363266353563383230316430373334333861623763633735343665
38326137316430333866383764623765396534346638346465336363636437313734313133396266
37336164663432316332636638626539326335623937323531396638383262303735633530316666
65653465613233623666643332373461646365303937623261386162336436313337323038366638
62336261346261383263306361346236663638396466313366386233346462346166636437356232
66303064346633623336346564396334316662643339656535353861376634323339343138396336
36666264396634666364363965333135303762346666663637333565616538643665643363633963
32646337656636353436313963396166663336376166353062376237326639356161393466613137
64363239653564636362353930626465366265363938663037353862633138343363633230383230
3536
